803749569
884929543
503603838
892710394
723622113
997592696
491444268
503046628
906553908
826782895
134515699
883187627
716148690
266982091
329065474
424850622
945367202
876983838
103389837
691978638
621791875
118854401
817846704
518725864
434182186
234473006
961373020
950084747
315638382
165276206
307161128
865606145
661153227
491628539
5077805
706581260
47398692
107051788
223173050
909324187
560664196
598751996
766219324
852015168
25355887
398477762
636445518
602303158
380293473
844264433
322724058
150572970
675070953
688333058
329372703
404385192
662999445
678928595
908615619
715228087
117888893
505374772
708628891
441033023
543771012
487438940
492974398
437330776
652164980
770018272
889906718
359748885
691230173
203426540
462295744
345756862
656279203
565779718
771091371
282609362
460675723
12428796
397030750
490270703
195225013
2079962
913578257
383244542
576950227
916495340
898291243
584622835
18346732
529238874
739188339
246743298
833939205
359890511
24810708
592182520